1 667 78 584 547 2 
1 640 78 584 547 2 
1 640 78 584 547 2 
1 640 78 584 547 2 
2 640 93 584 547 2 640 281 584 547 3 
2 640 93 584 547 2 640 281 584 547 3 
2 640 93 584 547 2 640 281 584 547 3 
1 640 78 584 547 2 
1 640 78 584 547 2 
1 640 78 584 547 2 
1 640 78 584 547 2 
2 640 93 584 547 2 640 281 584 547 3 
1 640 78 584 547 2 
2 612 93 584 547 2 640 281 584 547 3 
1 612 78 584 547 2 
1 612 78 584 547 2 
2 612 93 584 547 2 640 281 584 547 3 
2 612 93 584 547 2 640 281 584 547 3 
2 612 93 584 547 2 640 281 584 547 3 
2 612 93 584 547 2 640 266 584 547 3 
2 612 109 584 547 2 640 281 584 547 3 
1 667 281 584 547 3 
1 667 281 584 547 3 
1 667 281 584 547 3 
1 667 297 584 547 3 
1 667 297 584 547 3 
1 695 297 584 547 3 
1 695 297 584 547 3 
1 695 297 584 547 3 
2 653.5 461.5 584 172 1 695 313 640 610 3 
1 695 313 640 610 3 
1 695 313 640 610 3 
1 695 328 640 594 3 
1 695 328 640 594 3 
1 723 328 640 594 3 
2 667.5 477.0 556 234 1 695 344 640 610 3 
1 695 344 640 610 3 
1 695 360 640 610 3 
1 695 360 667 610 3 
1 695 360 667 610 3 
1 695 375 667 610 3 
1 695 375 667 610 3 
1 695 375 667 610 3 
1 695 391 667 610 3 
1 695 391 667 610 3 
1 695 391 667 610 3 
1 695 391 667 610 3 
1 695 391 667 610 3 
1 695 391 667 610 3 
1 695 391 667 610 3 
1 695 391 667 610 3 
1 695 391 667 610 3 
1 695 391 667 610 3 
1 695 391 667 610 3 
1 695 391 667 610 3 
1 695 391 667 610 3 
1 695 391 667 610 3 
1 695 391 667 610 3 
1 695 391 667 610 3 
1 695 391 667 610 3 
1 695 391 667 610 3 
1 695 391 667 610 3 
1 695 391 667 610 3 
1 695 375 667 610 3 
1 695 375 667 610 3 
1 695 375 667 610 3 
1 695 360 667 610 3 
1 695 360 667 610 3 
1 695 344 667 610 3 
1 695 344 667 610 3 
1 695 328 667 610 3 
1 695 328 667 610 3 
1 695 328 667 610 3 
1 667 328 667 610 3 
1 667 313 667 610 3 
1 667 313 667 594 3 
1 667 297 640 594 3 
2 653.5 453.5 584 125 1 667 297 640 610 3 
1 640 281 640 610 3 
1 640 281 640 594 3 
1 640 281 640 594 3 
1 640 281 640 594 3 
1 640 281 640 594 3 
0 
0 
0 
0 
0 
0 
0 
0 
0 
0 
0 
0 
0 
0 
0 
0 
0 
0 
0 
0 
0 
0 
0 
0 
0 
0 
0 
0 
0 
0 
0 
0 
0 
0 
0 
0 
0 
0 
0 
0 
0 
0 
0 
0 
0 
0 
0 
0 
0 
0 
1 640 281 640 594 3 
1 640 281 640 594 3 
1 640 281 640 594 3 
1 667 281 640 610 3 
1 667 297 640 610 3 
1 667 297 640 610 3 
1 667 297 640 610 3 
1 667 297 640 610 3 
1 667 313 640 610 3 
1 695 313 640 610 3 
1 695 313 640 594 3 
1 695 328 640 610 3 
1 695 328 640 610 3 
1 695 344 640 610 3 
1 695 344 667 610 3 
1 695 344 667 610 3 
1 695 344 667 610 3 
1 695 360 667 610 3 
1 695 360 667 610 3 
1 695 375 667 610 3 
1 695 375 667 610 3 
1 695 375 667 610 3 
1 695 375 667 610 3 
1 695 391 667 610 3 
1 695 391 667 610 3 
1 695 391 667 610 3 
1 695 391 667 610 3 
1 695 391 667 610 3 
1 695 391 667 610 3 
1 695 391 667 610 3 
1 695 391 667 610 3 
1 695 391 667 610 3 
1 695 391 667 610 3 
1 695 391 667 610 3 
1 695 391 667 610 3 
1 695 391 667 610 3 
