[(584, 31), None, None, None, None, (667, 78), (667, 172), (612, 297), (612, 281), (612, 281), None, None, (640, 281), (640, 422), (667, 610), None, (584, 15), None, (640, 15)]
[(584, 31), (640, 78), None, None, None, (640, 78), (667, 172), (612, 297), (612, 266), (612, 266), None, None, (640, 281), (640, 422), (667, 610), None, (584, 31), None, (640, 31)]
[(556, 31), None, None, None, None, (640, 78), (667, 172), (612, 297), (612, 281), (612, 281), None, None, (640, 281), (640, 422), (667, 610), None, (584, 31), None, (640, 31)]
[(556, 46), None, None, None, None, (640, 78), (667, 172), (612, 297), (612, 281), (612, 281), None, None, (640, 281), (640, 438), (667, 610), None, (584, 31), None, (612, 31)]
[(556, 46), (640, 93), None, None, None, (640, 93), (667, 172), (612, 297), (612, 281), (612, 281), None, None, (640, 281), (640, 438), (667, 610), None, (584, 31), None, (612, 31)]
[(556, 46), (640, 93), None, None, None, (640, 93), (667, 187), (612, 297), (612, 281), (612, 281), None, None, (640, 281), (640, 438), (667, 610), None, (584, 31), None, (612, 31)]
[(556, 46), (640, 93), None, None, None, (640, 93), (667, 172), (612, 297), (612, 281), (612, 281), None, None, (640, 281), (640, 438), (667, 610), None, (584, 31), None, (612, 31)]
[(556, 46), None, None, None, None, (640, 78), (667, 172), (612, 297), (612, 281), None, None, None, (640, 281), (640, 438), (667, 610), None, (584, 31), None, (612, 31)]
[(556, 46), (640, 93), None, None, None, (640, 78), (640, 172), (612, 297), (612, 266), (612, 266), None, None, (640, 281), (640, 438), (640, 610), None, (556, 31), None, (612, 31)]
[(556, 46), (640, 93), None, None, None, (640, 78), (640, 187), (612, 297), (612, 281), (612, 281), None, None, (640, 281), (640, 438), (640, 610), None, (556, 31), None, (612, 31)]
[(556, 46), (640, 93), None, None, None, (640, 78), (640, 187), (612, 297), (612, 281), (612, 281), None, None, (640, 281), (640, 438), (640, 610), None, (556, 31), None, (612, 31)]
[(556, 46), (640, 93), None, None, None, (640, 93), (640, 187), (612, 297), (640, 281), (612, 281), None, None, (640, 281), (640, 438), (667, 610), None, (556, 31), None, (612, 31)]
[(556, 46), None, None, None, None, (640, 78), (640, 172), (612, 297), (612, 281), (612, 281), None, None, (640, 281), (640, 438), (667, 610), None, (556, 31), None, (584, 31)]
[(528, 46), None, None, None, None, (612, 93), (640, 172), (584, 297), (640, 281), (640, 281), None, None, (640, 281), (640, 438), (667, 626), None, (556, 46), None, (584, 31)]
[(528, 62), (612, 93), None, None, None, (612, 78), (640, 172), (612, 297), (640, 281), (640, 281), None, None, (640, 281), (640, 438), (667, 610), None, (528, 46), None, (584, 31)]
[(528, 62), (612, 93), None, None, None, (612, 78), (640, 156), (584, 297), (640, 281), (640, 281), None, None, (640, 281), (640, 438), (667, 610), None, (528, 46), None, (584, 31)]
[(528, 62), (612, 93), None, None, None, (612, 93), (640, 172), (584, 297), (640, 281), (640, 281), None, None, (640, 281), (640, 438), (667, 626), None, (528, 46), None, (584, 46)]
[(528, 62), (612, 93), None, None, None, (612, 93), (612, 187), (584, 297), (640, 281), (640, 281), None, None, (640, 281), (640, 438), (667, 626), None, (528, 46), None, (584, 46)]
[(528, 62), (612, 93), (612, 93), None, None, (612, 93), (612, 187), (584, 297), (640, 281), (640, 281), None, None, (640, 281), (640, 438), (667, 626), None, (528, 46), None, (584, 46)]
[(528, 78), (612, 93), None, None, None, (612, 93), (612, 203), (584, 313), (640, 281), (640, 281), None, (584, 547), (640, 266), (640, 453), (667, 626), None, (528, 62), None, (556, 46)]
[(500, 78), (584, 109), (584, 109), None, None, (612, 109), (612, 203), (556, 328), (640, 281), (640, 281), None, (584, 547), (640, 281), (640, 438), (667, 626), None, (528, 62), None, (556, 62)]
[(500, 93), (584, 109), (584, 109), None, None, (584, 109), (612, 219), (556, 328), (640, 281), (640, 281), None, (584, 547), (667, 281), (640, 438), (667, 626), None, (500, 78), None, (556, 62)]
[(500, 93), (584, 125), (584, 125), None, None, (584, 109), (584, 219), (556, 328), (667, 281), (640, 281), None, (584, 547), (667, 281), (640, 438), (667, 626), None, (500, 93), None, (528, 78)]
[(500, 109), (584, 125), None, None, None, (584, 125), (584, 234), (556, 344), (640, 281), (640, 281), None, (584, 547), (667, 281), (640, 438), (667, 626), None, (500, 93), None, (528, 78)]
[(500, 109), (584, 125), (584, 125), None, None, (584, 125), (584, 234), (556, 344), (640, 297), (640, 297), (584, 422), (584, 547), (667, 297), (640, 438), (667, 626), None, (500, 93), None, (528, 93)]
[(500, 125), (584, 140), (584, 140), None, None, (584, 140), (584, 250), (556, 360), (640, 297), (640, 297), (584, 438), (584, 547), (667, 297), (640, 438), (667, 626), None, (500, 109), None, (528, 93)]
[(500, 140), (584, 156), (584, 140), None, None, (584, 156), (584, 250), (528, 360), (667, 297), (640, 297), (584, 438), (584, 547), (695, 297), (640, 438), (667, 626), None, (500, 125), None, (528, 109)]
[(500, 140), (584, 156), (584, 156), None, None, (584, 156), (584, 250), (528, 375), (667, 297), (640, 297), (584, 438), (584, 547), (695, 297), (640, 438), (667, 626), None, (500, 140), None, (528, 125)]
[None, (584, 156), (584, 156), None, None, (584, 172), (556, 266), (528, 391), (667, 297), (640, 297), None, None, (695, 297), (640, 438), (667, 626), None, None, None, (500, 140)]
[None, (584, 172), (584, 172), None, None, (584, 172), (556, 266), (528, 391), (667, 313), (640, 313), (584, 438), (640, 610), (695, 313), (612, 453), (667, 626), None, None, None, (528, 140)]
[(473, 187), (584, 187), (584, 187), None, None, (556, 187), (556, 281), (528, 406), (695, 313), (667, 313), None, (640, 610), (695, 313), (612, 453), (667, 626), None, (473, 172), None, (500, 156)]
[None, (584, 203), None, None, None, (556, 203), (556, 313), (528, 422), (667, 313), (640, 313), (584, 453), (640, 610), (695, 313), (612, 453), (667, 626), None, (473, 187), None, (500, 172)]
[(500, 203), (584, 203), (584, 203), None, None, (556, 203), (556, 313), (528, 438), (695, 328), (667, 328), (584, 438), (640, 594), (695, 328), (612, 453), (667, 626), None, (473, 203), None, (500, 187)]
[(500, 219), (584, 219), (584, 219), None, None, (556, 203), (556, 328), (528, 438), (695, 328), (667, 328), (584, 438), (640, 594), (695, 328), (612, 453), (667, 626), None, (473, 219), None, (500, 187)]
[(500, 234), (584, 234), None, None, None, (556, 219), (556, 344), (528, 453), (695, 328), (667, 344), (584, 438), (640, 594), (723, 328), (612, 453), (667, 626), None, (500, 219), None, (500, 203)]
[(500, 250), (556, 234), None, None, None, (556, 219), (556, 344), (528, 453), (695, 344), (667, 344), (584, 453), (640, 610), (695, 344), (612, 453), (667, 626), None, (500, 234), None, (500, 219)]
[(500, 266), (584, 234), None, None, None, (556, 234), (556, 360), (500, 469), (695, 344), (667, 344), (584, 453), (640, 610), (695, 344), (612, 453), (667, 626), None, (473, 250), None, (500, 219)]
[(500, 266), (584, 250), None, None, None, (556, 234), (556, 360), (500, 485), (695, 360), (667, 360), (584, 453), (640, 610), (695, 360), (612, 453), (667, 626), None, (473, 250), None, (500, 234)]
[(500, 266), (584, 250), None, None, None, (556, 250), (556, 375), (500, 485), (695, 360), (667, 360), (584, 469), (667, 610), (695, 360), (584, 453), (667, 641), None, (473, 266), None, (500, 234)]
[(500, 281), (584, 266), None, None, None, (556, 250), (556, 375), (500, 485), (695, 360), (667, 360), (584, 453), (667, 610), (695, 360), (584, 453), (667, 626), None, (500, 266), None, (500, 250)]
[(500, 281), (584, 266), None, None, None, (556, 266), (556, 375), (500, 485), (695, 375), (667, 375), (584, 469), (667, 610), (695, 375), (584, 469), (667, 626), None, (473, 281), None, (500, 250)]
[(500, 297), (584, 266), None, None, None, (556, 266), (556, 391), (500, 500), (695, 375), (667, 375), (584, 469), (667, 610), (695, 375), (584, 469), (640, 641), None, (473, 281), None, (500, 250)]
[(500, 297), (584, 266), None, None, None, (556, 266), (556, 391), (500, 500), (695, 375), (667, 375), (584, 469), (667, 610), (695, 375), (584, 469), (640, 641), None, (473, 281), None, (500, 266)]
[(473, 297), (584, 266), None, None, None, (556, 266), (556, 406), (500, 500), (695, 375), (667, 375), (584, 469), (667, 610), (695, 391), (584, 469), (640, 641), None, (473, 281), None, (500, 266)]
[(473, 297), (584, 281), None, None, None, (556, 266), (556, 406), (500, 500), (695, 391), (667, 375), (584, 469), (667, 610), (695, 391), (584, 469), (667, 641), None, (473, 297), None, (500, 266)]
[(500, 313), (584, 281), (584, 281), None, None, (556, 281), (556, 406), (500, 500), (695, 391), (695, 391), (584, 469), (667, 610), (695, 391), (584, 469), (667, 641), None, (473, 297), None, (500, 266)]
[(500, 313), (584, 281), (584, 281), None, None, (556, 281), (556, 406), (500, 500), (695, 391), (667, 391), (584, 469), (667, 610), (695, 391), (584, 469), (667, 641), None, (473, 297), None, (500, 266)]
[(500, 313), (584, 281), (584, 281), None, None, (556, 281), (556, 406), (500, 500), (695, 391), (667, 391), (584, 469), (667, 610), (695, 391), (584, 469), (640, 626), None, (473, 297), None, (500, 266)]
[(500, 313), (556, 281), (584, 281), None, None, (556, 281), (556, 406), (500, 500), (695, 391), (667, 391), (584, 469), (667, 610), (695, 391), (584, 469), (640, 641), None, (473, 297), None, (500, 266)]
[(500, 313), (584, 281), (584, 281), None, None, (556, 281), (556, 406), (500, 500), (695, 391), (667, 391), (584, 469), (667, 610), (695, 391), (584, 469), (640, 626), None, (473, 297), None, (500, 266)]
[(500, 313), (584, 281), (584, 281), None, None, (556, 281), (556, 406), (500, 500), (695, 391), (667, 391), (584, 469), (667, 610), (695, 391), (584, 469), (640, 641), None, (473, 297), None, (500, 266)]
[(500, 313), (584, 281), (584, 281), None, None, (556, 281), (556, 406), (500, 500), (695, 391), (695, 391), (584, 469), (667, 610), (695, 391), (584, 469), (640, 641), None, (473, 297), None, (500, 266)]
[(500, 313), (584, 281), (584, 281), None, None, (556, 281), (556, 406), (500, 500), (695, 391), (695, 391), (584, 469), (667, 610), (695, 391), (584, 469), (640, 641), None, (473, 297), None, (500, 266)]
[(500, 313), (584, 281), (584, 281), None, None, (556, 281), (556, 406), (500, 500), (695, 391), (695, 391), (584, 469), (667, 610), (695, 391), (584, 469), (640, 641), None, (473, 297), None, (500, 266)]
[(473, 297), (584, 281), (584, 281), None, None, (556, 281), (528, 406), (500, 500), (695, 391), (667, 391), (584, 469), (667, 610), (695, 391), (584, 469), (640, 641), None, (473, 297), None, (500, 266)]
[(473, 297), (584, 281), (584, 281), None, None, (556, 281), (528, 406), (500, 500), (695, 391), (695, 391), (584, 469), (667, 610), (695, 391), (584, 469), (640, 641), None, (473, 297), None, (500, 266)]
[(473, 297), (584, 281), (584, 281), None, None, (556, 281), (528, 406), (500, 500), (695, 391), (667, 391), (584, 469), (667, 610), (695, 391), (584, 469), (640, 641), None, (473, 297), None, (500, 266)]
[(473, 297), (584, 281), (584, 266), None, None, (556, 281), (528, 406), (500, 500), (695, 391), (667, 391), (584, 469), (667, 610), (695, 391), (584, 469), (667, 641), None, (473, 281), None, (500, 266)]
[(473, 297), (584, 281), (584, 281), None, None, (556, 266), (556, 406), (500, 500), (695, 391), (667, 391), (584, 469), (667, 610), (695, 391), (584, 469), (640, 641), None, (473, 281), None, (500, 266)]
[(473, 297), (584, 266), (584, 266), None, None, (556, 266), (556, 406), (500, 500), (695, 391), (667, 391), (584, 469), (667, 610), (695, 391), (584, 469), (640, 641), None, (473, 281), None, (500, 266)]
[(473, 281), (584, 266), (584, 266), None, None, (584, 266), (556, 391), (500, 500), (695, 375), (667, 375), (584, 469), (667, 610), (695, 391), (584, 469), (640, 641), None, (473, 281), None, (500, 250)]
[(500, 281), (584, 266), (584, 266), None, None, (556, 266), (556, 391), (500, 485), (695, 375), (667, 375), (584, 469), (667, 610), (695, 391), (584, 469), (640, 641), None, (473, 266), None, (500, 250)]
[(500, 281), (584, 266), (584, 266), None, None, (556, 266), (556, 391), (500, 485), (695, 375), (667, 375), (584, 469), (667, 610), (695, 391), (584, 469), (640, 641), None, (473, 266), None, (500, 250)]
[(500, 266), (584, 266), (584, 266), None, None, (556, 250), (556, 391), (500, 485), (695, 375), (667, 375), (584, 469), (667, 610), (695, 375), (584, 469), (640, 641), None, (473, 266), None, (500, 234)]
[(500, 266), (584, 250), (556, 266), None, None, (556, 250), (556, 375), (500, 485), (695, 375), (667, 375), (584, 469), (667, 610), (695, 375), (584, 469), (640, 641), None, (473, 250), None, (500, 234)]
[(500, 266), (584, 250), (584, 250), None, None, (556, 250), (556, 360), (500, 469), (695, 375), (667, 375), (584, 469), (667, 610), (695, 375), (584, 469), (640, 641), None, (473, 250), None, (500, 219)]
[(500, 250), (584, 234), (584, 234), None, None, (584, 234), (556, 344), (500, 453), (695, 360), (667, 360), (584, 469), (667, 610), (695, 360), (584, 453), (640, 641), None, (473, 234), None, (500, 203)]
[(500, 234), (584, 234), (584, 234), None, None, (584, 219), (556, 328), (500, 438), (667, 360), (667, 360), (584, 453), (667, 610), (695, 360), (584, 453), (640, 641), None, (473, 219), None, (500, 203)]
[(473, 219), (584, 219), (584, 219), None, None, (556, 219), (556, 313), (500, 422), (667, 344), (667, 344), (612, 469), (667, 610), (695, 344), (584, 453), (640, 641), None, (473, 203), None, (500, 187)]
[(473, 203), (584, 203), (584, 203), (584, 328), None, (556, 203), (556, 313), (500, 422), (667, 344), (667, 344), (612, 469), (667, 610), (695, 344), (584, 453), (640, 641), None, (473, 187), None, (500, 172)]
[(473, 203), (584, 203), (584, 187), (584, 313), None, (556, 203), (556, 297), (500, 406), (667, 328), (667, 328), (612, 469), (667, 610), (695, 328), (584, 453), (640, 641), None, (473, 187), None, (528, 172)]
[None, (584, 187), (584, 187), (584, 297), (528, 391), (584, 187), (556, 297), (500, 391), (667, 328), (667, 328), (612, 453), (667, 610), (695, 328), (584, 453), (640, 641), None, None, None, (500, 156)]
[None, (584, 187), (584, 187), (584, 297), (528, 391), (584, 187), (556, 297), (500, 391), (667, 328), (667, 328), (612, 453), (667, 610), (695, 328), (584, 453), (640, 641), None, None, None, (500, 156)]
[None, (584, 172), (584, 172), (584, 281), (528, 375), (584, 172), (556, 281), (500, 375), (667, 328), (640, 328), (612, 453), (667, 610), (667, 328), (584, 453), (667, 641), None, (500, 156), None, (528, 140)]
[(500, 140), (584, 156), (584, 156), (584, 281), (528, 360), (584, 156), (556, 266), (500, 375), (667, 313), (640, 313), (612, 453), (667, 610), (667, 313), (584, 453), (667, 626), None, (500, 125), None, (528, 125)]
[None, (584, 140), (584, 140), (584, 266), (528, 344), (584, 140), (556, 250), (500, 360), (667, 313), (667, 313), (612, 453), (667, 594), (667, 313), (612, 453), (667, 626), None, (500, 109), None, (528, 109)]
[None, (584, 140), (584, 140), None, None, (584, 140), (556, 250), (500, 344), (667, 297), (640, 297), (584, 453), (640, 594), (667, 297), (612, 453), (667, 626), None, None, None, (528, 93)]
[(500, 109), (584, 125), (584, 125), None, None, (584, 125), (556, 234), (500, 328), (667, 297), (640, 297), (584, 453), (640, 610), (667, 297), (612, 453), (667, 626), None, (500, 93), None, (528, 78)]
[(500, 78), (584, 109), (584, 109), None, None, (584, 109), (584, 219), (500, 313), (640, 281), (640, 281), (584, 453), (640, 610), (640, 281), (612, 453), (667, 626), None, (500, 62), None, (556, 62)]
[(500, 78), (612, 109), (612, 109), None, None, (612, 93), (584, 203), (500, 297), (640, 281), (640, 281), (612, 438), (640, 594), (640, 281), (612, 453), (667, 626), None, (500, 62), None, (556, 46)]
[(528, 62), (612, 93), (612, 93), None, None, (612, 93), (584, 187), (500, 281), (640, 281), (640, 281), (584, 453), (640, 594), (640, 281), (612, 453), (667, 626), None, (528, 46), None, (556, 46)]
[(528, 62), (612, 93), (612, 93), None, None, (612, 93), (584, 187), (500, 281), (640, 281), (640, 281), (584, 453), (640, 594), (640, 281), (612, 453), (667, 626), None, (528, 46), None, (556, 46)]
[(500, 46), (612, 93), (612, 93), None, None, (612, 93), (584, 187), (500, 281), (640, 281), (640, 281), (584, 438), None, (640, 281), (612, 453), (667, 626), None, (528, 46), None, (584, 46)]
[(528, 46), (612, 78), (612, 78), None, None, (612, 78), (584, 172), (528, 266), (640, 281), (640, 281), (584, 438), None, (640, 281), (612, 453), (667, 626), None, (528, 31), None, (584, 31)]
[(528, 46), (612, 78), (612, 78), None, None, (612, 78), (612, 172), (528, 266), (640, 266), (640, 266), (584, 438), None, (640, 281), (612, 438), (667, 626), None, (528, 31), None, (584, 31)]
[(528, 31), (612, 78), None, None, None, (612, 78), (612, 172), (528, 250), (612, 281), (612, 281), None, None, (612, 281), (612, 438), (667, 626), None, (528, 31), None, (584, 31)]
[(556, 31), (640, 78), (640, 78), None, None, (612, 78), (612, 172), (528, 250), (612, 266), (612, 266), None, None, (612, 266), (640, 438), (667, 626), None, (556, 31), None, (584, 31)]
[(528, 31), (612, 78), None, None, None, (640, 78), (612, 172), (528, 250), (612, 266), (640, 266), None, None, (612, 266), (640, 438), (667, 626), None, (556, 15), None, (612, 15)]
[(556, 31), (640, 78), (640, 78), None, None, (640, 78), (612, 172), (528, 250), (612, 266), (612, 266), None, None, (612, 266), (640, 438), (667, 626), None, (556, 15), None, (612, 15)]
[(556, 31), (640, 78), (640, 78), None, None, (640, 78), (612, 172), (528, 250), (612, 266), (640, 266), None, None, (612, 266), (640, 438), (667, 626), None, (584, 15), None, (612, 15)]
[(584, 31), (640, 78), (640, 78), None, None, (640, 78), (612, 172), (528, 250), (612, 266), (612, 266), None, None, (612, 266), (640, 422), (667, 626), None, (584, 15), None, (640, 31)]
[(584, 31), (640, 78), (640, 78), None, None, (640, 78), (612, 172), (528, 250), (612, 266), (612, 266), None, None, (612, 266), (640, 422), (667, 626), None, (584, 15), None, (640, 31)]
[(584, 31), (640, 78), (640, 78), None, None, (640, 78), (612, 172), (528, 250), (612, 266), (612, 266), None, None, (612, 266), (640, 422), (667, 626), (584, 15), (584, 15), None, (640, 15)]
[(584, 31), (640, 78), (667, 78), None, None, (640, 78), (612, 172), (528, 250), (612, 266), (612, 266), None, None, (612, 266), (640, 406), (667, 626), (584, 15), (612, 15), None, (640, 15)]
[(584, 31), (640, 78), (640, 78), None, None, (640, 78), (640, 172), (528, 250), (612, 266), (612, 266), None, None, (612, 266), (640, 422), (667, 626), (584, 15), (612, 15), None, (640, 15)]
[(584, 31), (640, 78), (640, 78), None, None, (640, 78), (640, 172), (528, 250), (612, 266), (612, 266), None, None, (612, 266), (640, 422), (667, 626), (584, 15), (612, 15), None, (640, 31)]
[(584, 31), (640, 78), (640, 78), None, None, (640, 78), (640, 172), (528, 250), (612, 266), (612, 266), None, None, (612, 266), (640, 422), (667, 626), (584, 15), (612, 15), None, (640, 31)]
[(584, 31), (640, 78), (640, 78), None, None, (640, 78), (640, 172), (528, 266), (612, 266), (612, 266), None, None, (612, 266), (640, 422), (667, 626), (584, 15), (612, 15), None, (640, 31)]
[(584, 31), (640, 78), (640, 78), None, None, (640, 78), (640, 172), (528, 266), (612, 266), (612, 266), None, None, (612, 266), (640, 422), (667, 626), (584, 15), (612, 15), None, (640, 31)]
[(584, 31), (640, 78), (640, 78), None, None, (640, 78), (640, 172), (528, 266), (612, 266), (612, 266), None, None, (612, 266), (640, 422), (667, 626), (584, 15), (612, 15), None, (640, 31)]
[(584, 31), (640, 78), (640, 78), None, None, (640, 78), (640, 172), (528, 250), (612, 266), (612, 266), None, None, (612, 266), (640, 438), (667, 626), (584, 15), (612, 15), None, (640, 31)]
[(584, 31), (640, 78), (640, 78), None, None, (640, 78), (640, 172), (528, 250), (612, 266), (640, 266), None, None, (612, 266), (640, 422), (667, 626), (584, 15), (612, 15), None, (640, 31)]
[(584, 31), (640, 78), (640, 78), None, None, (640, 78), (640, 172), (528, 266), (612, 266), (612, 266), None, None, (612, 266), (640, 438), (667, 626), (584, 15), (612, 15), None, (640, 31)]
[(584, 31), (640, 78), (640, 78), None, None, (640, 78), (640, 172), (528, 266), (612, 266), (612, 266), None, None, (612, 266), (640, 438), (667, 626), (584, 15), (612, 15), None, (640, 31)]
[(584, 31), (640, 78), (640, 78), None, None, (640, 78), (640, 172), (528, 266), (612, 266), (612, 266), None, None, (612, 266), (640, 438), (667, 626), (584, 15), (612, 15), None, (640, 31)]
[(584, 31), (640, 78), (640, 78), None, None, (640, 78), (640, 172), (528, 266), (612, 266), (612, 266), None, None, (612, 266), (640, 438), (667, 626), (584, 15), (612, 15), None, (640, 31)]
[(584, 31), (640, 78), (640, 78), None, None, (640, 78), (640, 172), (528, 266), (612, 266), (612, 266), None, None, (612, 266), (640, 438), (667, 626), (584, 15), (612, 15), None, (640, 31)]
[(584, 31), (640, 78), (640, 78), None, None, (640, 78), (640, 172), (528, 266), (612, 266), (612, 266), None, None, (612, 266), (640, 438), (667, 626), (584, 15), (612, 15), None, (640, 31)]
[(584, 31), (640, 78), (640, 78), None, None, (640, 78), (640, 172), (528, 250), (612, 266), (612, 266), None, None, (612, 266), (640, 422), (667, 626), (584, 15), (612, 15), None, (640, 15)]
[(584, 31), (640, 78), (640, 78), None, None, (640, 78), (640, 172), (528, 250), (612, 266), (612, 266), None, None, (612, 266), (640, 422), (667, 626), (584, 15), (612, 15), None, (640, 15)]
[(584, 31), (640, 78), (640, 78), None, None, (640, 78), (640, 172), (528, 250), (612, 266), (612, 266), None, None, (612, 266), (640, 438), (667, 626), (584, 15), (612, 15), None, (640, 15)]
[(584, 31), (640, 78), (640, 78), None, None, (640, 78), (640, 172), (528, 250), (612, 266), (612, 266), None, None, (612, 266), (640, 422), (667, 626), (584, 15), (612, 15), None, (640, 15)]
[(584, 31), (640, 78), (640, 78), None, None, (640, 78), (640, 172), (528, 250), (612, 266), (612, 266), None, None, (612, 266), (640, 422), (667, 626), (584, 15), (612, 15), None, (640, 31)]
[(584, 31), (640, 78), (640, 78), None, None, (640, 78), (640, 172), (528, 250), (612, 266), (612, 266), None, None, (612, 266), (640, 422), (667, 626), (584, 15), (612, 15), None, (640, 15)]
[(584, 31), (640, 78), (640, 78), None, None, (640, 78), (640, 172), (528, 250), (612, 266), (612, 266), None, None, (612, 266), (640, 422), (667, 626), (584, 15), (612, 15), None, (640, 31)]
[(584, 31), (640, 78), (640, 78), None, None, (640, 78), (640, 172), (528, 250), (612, 266), (612, 266), None, None, (612, 266), (640, 438), (667, 626), (584, 15), (612, 15), None, (640, 15)]
[(584, 31), (640, 78), (640, 78), None, None, (640, 78), (612, 172), (528, 250), (612, 266), (612, 266), None, None, (612, 266), (640, 422), (667, 626), (584, 15), (612, 15), None, (640, 15)]
[(584, 31), (640, 78), (640, 78), None, None, (640, 78), (612, 172), (528, 250), (612, 266), (612, 266), None, None, (612, 266), (640, 422), (667, 626), (584, 15), (612, 15), None, (640, 31)]
[(584, 31), (640, 78), (640, 78), None, None, (640, 78), (612, 172), (528, 250), (612, 266), (612, 266), None, None, (612, 266), (640, 422), (667, 626), (584, 15), (612, 15), None, (640, 31)]
[(584, 31), (640, 78), (640, 78), None, None, (640, 78), (612, 172), (528, 250), (612, 266), (612, 266), None, None, (612, 266), (640, 438), (667, 626), (584, 15), (612, 15), None, (640, 15)]
[(584, 31), (640, 78), (640, 78), None, None, (640, 78), (612, 172), (528, 250), (612, 266), (612, 266), None, None, (612, 266), (640, 438), (667, 626), (584, 15), (612, 15), None, (640, 31)]
[(584, 31), (640, 78), (640, 78), None, None, (640, 78), (612, 172), (528, 250), (612, 266), (612, 266), None, None, (612, 266), (640, 438), (667, 626), None, (584, 15), None, (640, 31)]
[None, (640, 78), (640, 78), None, None, (640, 78), (612, 172), (528, 250), (612, 266), (612, 266), None, None, (612, 266), (640, 438), (667, 626), None, (584, 31), None, (612, 31)]
[(556, 46), (640, 78), (640, 78), None, None, (640, 78), (612, 172), (528, 250), (612, 266), (640, 266), None, None, (612, 266), (640, 438), (667, 626), None, (584, 31), None, (612, 31)]
[(556, 31), (640, 78), (640, 78), None, None, (640, 78), (612, 172), (528, 250), (612, 266), (640, 266), None, None, (612, 266), (640, 422), (667, 626), None, (584, 31), None, (612, 31)]
[(556, 31), (640, 78), (640, 78), None, None, (640, 78), (612, 172), (528, 250), (612, 266), (612, 266), None, None, (612, 266), (640, 422), (667, 626), None, (584, 31), None, (612, 31)]
[(556, 46), (640, 78), (640, 78), None, None, (640, 78), (612, 172), (528, 266), (612, 266), (612, 266), None, None, (612, 266), (640, 438), (667, 626), None, (584, 31), None, (612, 31)]
[(556, 46), (640, 78), (640, 78), None, None, (640, 78), (612, 172), (528, 266), (612, 266), (612, 266), None, None, (612, 266), (640, 438), (667, 626), None, (556, 31), None, (612, 31)]
[(556, 46), (640, 78), (640, 78), None, None, (612, 78), (612, 172), (528, 266), (640, 266), (640, 266), None, None, (612, 266), (640, 438), (667, 626), None, (556, 31), None, (584, 31)]
[(528, 46), (640, 78), (640, 78), None, None, (612, 78), (612, 172), (528, 266), (640, 281), (640, 266), None, None, (640, 281), (640, 438), (667, 626), None, (528, 31), None, (584, 31)]
[(528, 46), (612, 78), None, None, None, (612, 78), (612, 172), (528, 266), (640, 281), (612, 281), None, None, (640, 281), (612, 438), (667, 626), None, (528, 31), None, (584, 31)]
[(528, 46), (612, 78), None, None, None, (612, 78), (584, 187), (528, 266), (640, 281), (612, 281), (612, 438), (640, 610), (640, 281), (612, 438), (667, 626), None, (528, 31), None, (584, 31)]
[(528, 46), (612, 93), None, None, None, (612, 78), (584, 172), (528, 281), (640, 281), (612, 281), (612, 438), (640, 610), (640, 281), (612, 438), (667, 626), None, (528, 31), None, (584, 31)]
[(528, 62), (612, 93), (584, 93), None, None, (612, 93), (584, 187), (500, 281), (612, 281), (612, 281), (584, 453), (640, 594), (640, 281), (612, 453), (667, 626), None, (528, 46), None, (584, 46)]
[(528, 62), (612, 93), (612, 93), None, None, (612, 93), (584, 187), (500, 297), (640, 281), (640, 281), (584, 453), (640, 594), (640, 281), (612, 453), (667, 626), None, (528, 46), None, (584, 46)]
[(528, 78), (612, 93), (612, 93), None, None, (612, 93), (584, 203), (500, 297), (640, 281), (612, 281), (584, 453), (640, 594), (640, 281), (612, 438), (667, 626), None, (528, 62), None, (556, 62)]
[(500, 78), (612, 109), (612, 109), (612, 234), (556, 313), (584, 109), (584, 219), (500, 313), (640, 281), (640, 281), (612, 453), (640, 610), (667, 281), (612, 453), (667, 626), None, (500, 78), None, (556, 62)]
[(500, 93), (584, 109), (584, 109), (584, 250), (528, 313), (584, 109), (556, 219), (500, 328), (667, 297), (640, 297), None, (640, 610), (667, 297), (612, 453), (667, 626), None, (500, 78), None, (556, 78)]
[None, (584, 125), (584, 125), (584, 250), (528, 328), (584, 125), (556, 234), (500, 328), (667, 297), (667, 297), None, (640, 610), (667, 297), (612, 453), (667, 626), None, None, None, (528, 93)]
[(500, 109), (584, 125), (584, 125), (584, 250), (528, 344), (584, 125), (556, 234), (500, 344), (667, 297), (640, 297), None, (640, 610), (667, 297), (612, 453), (667, 626), None, (500, 93), None, (528, 93)]
[(500, 125), (584, 140), (584, 140), (584, 250), (528, 344), (584, 140), (556, 250), (500, 360), (667, 297), (667, 297), None, (640, 610), (667, 297), (612, 453), (667, 626), None, (500, 109), None, (528, 109)]
[None, (584, 156), (584, 156), (584, 266), None, (584, 156), (556, 250), (500, 360), (667, 313), (667, 313), None, (640, 610), (667, 313), (612, 453), (667, 626), None, (500, 125), None, (528, 109)]
[(500, 156), (584, 156), (584, 156), (584, 281), None, (584, 156), (556, 266), (500, 375), (667, 313), (667, 313), (584, 469), (640, 610), (695, 313), (612, 453), (667, 626), None, (500, 140), None, (528, 125)]
[(500, 156), (584, 172), (584, 172), None, None, (584, 172), (556, 266), (500, 391), (667, 313), (640, 313), (584, 469), (640, 594), (695, 313), (612, 453), (667, 626), None, (500, 140), None, (528, 140)]
[None, (556, 187), (556, 187), None, None, (556, 187), (556, 281), (500, 406), (667, 328), (640, 328), (584, 453), (640, 610), (695, 328), (612, 453), (667, 626), None, (473, 172), None, (528, 156)]
[(500, 203), (584, 203), (584, 203), None, None, (556, 203), (556, 297), (500, 406), (695, 328), (667, 328), (584, 453), (640, 610), (695, 328), (612, 453), (667, 626), None, (473, 187), None, (500, 172)]
[(473, 203), (584, 203), (584, 219), None, None, (556, 203), (556, 297), (500, 422), (695, 344), (667, 344), None, (640, 610), (695, 344), (612, 453), (667, 626), None, (473, 187), None, (500, 172)]
[(473, 219), (556, 219), (556, 234), None, None, (556, 219), (556, 313), (500, 438), (695, 344), (667, 344), (584, 453), (667, 610), (695, 344), (584, 453), (640, 641), None, (473, 203), None, (500, 187)]
[(473, 234), (584, 234), (584, 234), None, None, (556, 219), (556, 328), (473, 453), (667, 344), (667, 344), (584, 453), (667, 610), (695, 344), (584, 453), (640, 626), None, (473, 219), None, (500, 203)]
[(473, 234), (584, 234), (584, 234), None, None, (556, 219), (556, 328), (473, 453), (667, 344), (667, 344), (584, 453), (667, 610), (695, 344), (584, 453), (640, 626), None, (473, 219), None, (500, 203)]
[(473, 250), (556, 250), (556, 250), (556, 360), None, (556, 234), (556, 344), (473, 469), (695, 360), (667, 360), (584, 453), (667, 610), (695, 360), (584, 469), (640, 641), None, (473, 250), None, (500, 219)]
[(473, 266), (556, 250), (556, 266), (556, 360), None, (556, 250), (528, 360), (473, 469), (695, 360), (667, 360), (584, 469), (667, 610), (695, 360), (584, 469), (640, 641), None, (473, 250), None, (500, 234)]
[(473, 266), (584, 250), (584, 250), (556, 360), None, (556, 250), (528, 375), (473, 485), (695, 375), (667, 375), (584, 469), (667, 610), (695, 375), (584, 469), (640, 641), None, (473, 266), None, (500, 234)]
[(473, 281), (584, 266), (584, 266), (556, 375), (500, 469), (556, 266), (528, 375), (473, 485), (695, 375), (667, 375), (584, 469), (667, 610), (695, 375), (584, 469), (640, 641), None, (473, 266), None, (500, 250)]
[(473, 281), (556, 266), (556, 266), (556, 375), (500, 469), (556, 266), (528, 375), (473, 485), (695, 375), (667, 375), (584, 469), (667, 610), (695, 375), (584, 469), (640, 641), None, (473, 266), None, (500, 250)]
[(473, 281), (556, 266), (556, 281), (556, 375), (500, 485), (556, 266), (528, 375), (473, 500), (695, 375), (667, 375), (584, 485), (667, 610), (695, 375), (584, 469), (640, 641), None, (473, 281), None, (500, 250)]
[(473, 281), (556, 281), (556, 266), (556, 375), (500, 485), (556, 281), (528, 391), (473, 500), (695, 391), (667, 391), (584, 485), (667, 610), (695, 391), (584, 469), (640, 641), None, (473, 281), None, (500, 250)]
[(473, 297), (556, 281), (556, 266), (584, 375), (500, 485), (556, 281), (528, 391), (473, 500), (695, 391), (667, 391), (584, 469), (667, 610), (695, 391), (584, 469), (640, 641), None, (473, 281), None, (500, 266)]
[(473, 297), (556, 281), (556, 281), (556, 375), (500, 485), (556, 281), (528, 391), (473, 500), (695, 391), (667, 391), (584, 469), (667, 610), (695, 391), (584, 469), (640, 641), None, (473, 281), None, (500, 266)]
[(473, 297), (556, 281), (556, 281), (556, 375), (500, 485), (556, 281), (528, 391), (473, 500), (695, 391), (667, 391), (584, 469), (667, 610), (695, 391), (584, 469), (640, 641), None, (473, 281), None, (500, 266)]
[(473, 297), (556, 281), (556, 281), (556, 375), (500, 485), (556, 281), (528, 391), (500, 500), (695, 391), (667, 391), (584, 469), (667, 610), (695, 391), (584, 469), (640, 641), None, (473, 281), None, (500, 266)]
[(473, 297), (556, 281), (556, 281), (556, 391), (500, 500), (556, 281), (528, 406), (473, 516), (695, 391), (667, 391), (584, 469), (667, 610), (695, 391), (584, 469), (640, 641), None, (473, 281), None, (500, 266)]
[(473, 297), (556, 281), (556, 281), (556, 406), (500, 500), (556, 281), (528, 406), (473, 516), (695, 391), (667, 391), (584, 469), (667, 610), (695, 391), (584, 469), (640, 641), None, (473, 281), None, (500, 266)]
[(473, 297), (556, 281), (556, 281), (556, 406), (500, 500), (556, 281), (528, 406), (473, 516), (695, 391), (667, 391), (584, 469), (667, 610), (695, 391), (584, 469), (640, 641), None, (473, 297), None, (500, 266)]
[(473, 297), (556, 281), (556, 281), (556, 406), (500, 500), (556, 297), (528, 406), (473, 516), (695, 391), (667, 391), (584, 469), (667, 610), (695, 391), (584, 469), (640, 641), None, (473, 297), None, (500, 266)]
[(473, 297), (556, 281), (556, 281), (556, 422), (500, 500), (556, 297), (528, 406), (473, 516), (695, 391), (667, 391), (584, 469), (667, 610), (695, 391), (584, 469), (640, 641), None, (473, 297), None, (500, 266)]
[(473, 297), (556, 281), (556, 281), (556, 406), (500, 500), (556, 281), (528, 406), (473, 516), (695, 391), (667, 391), (584, 469), (667, 610), (695, 391), (584, 469), (640, 626), None, (473, 297), None, (500, 266)]
[(473, 297), (556, 281), (556, 281), (556, 422), (500, 500), (556, 281), (528, 422), (473, 516), (695, 391), (667, 391), (584, 469), (667, 610), (695, 391), (584, 469), (640, 626), None, (473, 297), None, (500, 266)]
[(473, 297), (556, 281), (556, 281), (556, 406), (500, 500), (556, 281), (528, 406), (473, 516), (695, 391), (667, 391), (584, 469), (667, 610), (695, 391), (584, 469), (640, 626), None, (473, 281), None, (500, 266)]
