1 667 78 640 281 2 
0 
0 
0 
1 640 438 640 281 3 
1 640 438 640 281 3 
1 640 438 640 281 3 
0 
0 
0 
0 
1 640 438 640 281 3 
0 
1 640 438 640 281 3 
0 
0 
1 640 438 640 281 3 
1 640 438 640 281 3 
1 640 438 640 281 3 
1 640 453 640 266 3 
1 640 438 640 281 3 
1 640 438 667 281 3 
1 640 438 667 281 3 
1 640 438 667 281 3 
1 640 438 667 297 3 
1 640 438 667 297 3 
1 640 438 695 297 3 
1 640 438 695 297 3 
1 640 438 695 297 3 
1 612 453 695 313 3 
1 612 453 695 313 3 
1 612 453 695 313 3 
2 681.0 328.0 584 203 1 612 453 695 328 3 
1 612 453 695 328 3 
1 612 453 723 328 3 
1 612 453 695 344 3 
1 612 453 695 344 3 
1 612 453 695 360 3 
1 584 453 695 360 3 
2 584 453 695 360 3 584 266 556 281 4 
1 584 469 695 375 3 
1 584 469 695 375 3 
2 584 469 695 375 3 584 266 584 281 4 
2 584 469 695 391 3 584 266 584 281 4 
2 584 469 695 391 3 584 266 584 281 4 
1 584 469 695 391 3 
1 584 469 695 391 3 
1 584 469 695 391 3 
1 584 469 695 391 3 
1 584 469 695 391 3 
1 584 469 695 391 3 
1 584 469 695 391 3 
1 584 469 695 391 3 
1 584 469 695 391 3 
1 584 469 695 391 3 
1 584 469 695 391 3 
1 584 469 695 391 3 
1 584 469 695 391 3 
1 584 469 695 391 3 
1 584 469 695 391 3 
1 584 469 695 391 3 
1 584 469 695 391 3 
1 584 469 695 391 3 
1 584 469 695 375 3 
1 584 469 695 375 3 
1 584 469 695 375 3 
1 584 453 695 360 3 
1 584 453 695 360 3 
1 584 453 695 344 3 
1 584 453 695 344 3 
1 584 453 695 328 3 
1 584 453 695 328 3 
1 584 453 695 328 3 
1 584 453 667 328 3 
1 584 453 667 313 3 
2 667.0 313.0 584 140 1 612 453 667 313 3 
1 612 453 667 297 3 
1 612 453 667 297 3 
1 612 453 640 281 3 
1 612 453 640 281 3 
1 612 453 640 281 3 
1 612 453 640 281 3 
1 612 453 640 281 3 
0 
0 
0 
0 
1 640 78 612 266 2 
1 640 78 612 266 2 
1 640 78 612 266 2 
1 640 78 612 266 2 
1 640 78 612 266 2 
1 640 78 612 266 2 
1 640 78 612 266 2 
1 640 78 612 266 2 
1 640 78 612 266 2 
1 640 78 612 266 2 
1 640 78 612 266 2 
1 640 78 612 266 2 
1 640 78 612 266 2 
1 640 78 612 266 2 
1 640 78 612 266 2 
1 640 78 612 266 2 
1 640 78 612 266 2 
1 640 78 612 266 2 
1 640 78 612 266 2 
1 640 78 612 266 2 
1 640 78 612 266 2 
1 640 78 612 266 2 
1 640 78 612 266 2 
1 640 78 612 266 2 
1 640 78 612 266 2 
1 640 78 612 266 2 
1 640 78 612 266 2 
1 640 78 612 266 2 
1 640 78 612 266 2 
1 640 78 612 266 2 
1 640 78 612 266 2 
1 640 78 612 266 2 
1 640 78 612 266 2 
1 640 78 612 266 2 
1 640 78 612 266 2 
1 640 78 612 266 2 
1 640 78 612 266 2 
1 640 78 612 266 2 
1 640 78 612 266 2 
1 640 78 612 266 2 
1 640 78 612 266 2 
0 
0 
0 
0 
0 
1 612 453 640 281 3 
1 612 453 640 281 3 
1 612 438 640 281 3 
1 612 453 667 281 3 
2 653.5 297.0 584 109 1 612 453 667 297 3 
1 612 453 667 297 3 
1 612 453 667 297 3 
1 612 453 667 297 3 
1 612 453 667 313 3 
1 612 453 695 313 3 
1 612 453 695 313 3 
1 612 453 695 328 3 
1 612 453 695 328 3 
1 612 453 695 344 3 
1 584 453 695 344 3 
1 584 453 695 344 3 
1 584 453 695 344 3 
1 584 469 695 360 3 
1 584 469 695 360 3 
1 584 469 695 375 3 
1 584 469 695 375 3 
1 584 469 695 375 3 
1 584 469 695 375 3 
1 584 469 695 391 3 
1 584 469 695 391 3 
1 584 469 695 391 3 
1 584 469 695 391 3 
1 584 469 695 391 3 
1 584 469 695 391 3 
1 584 469 695 391 3 
1 584 469 695 391 3 
1 584 469 695 391 3 
1 584 469 695 391 3 
1 584 469 695 391 3 
1 584 469 695 391 3 
1 584 469 695 391 3 
